35.65
219.65
225.4
329
34.4
52.9
58.6
183.55
305.85
59.25
552.1
181.05
285.45
167.9
669.55
139.4
189.55
60.3
113.55
33.25
230.4
184.9
169.75
834.3
306.65
104.45
251.55
240.05
268.05
459.1
44.9
222.7
90.65
81.05
340.55
348.65
27.35
55.15
89.9
528.6
465.45
341
966.45
1127.8
123.45
193.25
321.6
44.25
404.3
363.75
41.45
758
94.2
46.8
459.75
460.8
188.25
731.8
136.55
259.35
29.5
792.85
452.45
184.9
1097.9
793.15
94
671.2
454.45
320.9
57.15
112.85
45
163.55
32.55
106.9
100.35
435.6
20.55
154.55
22.15
101.5
493.85
627.45
572.75
255.5
541.45
31.6
85.2
95.85
360.9
241.7
47.55
94.4
25.6
113.95
123.1
571.6
1214.5
92.95
209.7
401.45
227.4
76.85
220.75
283.65
301.7
662.75
171
67.75
70.4
820.7
216.8
25.15
25.6
277.05
359.35
291.7
471.65
247.55
231.5
145.35
22.35
36.9
299.6
247.25
300.65
273.4
42.4
55.55
24
73.15
142.15
102.8
256.7
54.55
44.25
423.15
44.65
156.75
117.3
389.15
330
137
186.05
172.05
604.95
140.25
596.25
70.65
140.65
489.6
75.4
228.4
39.25
432.2
69.15
305.1
34.4
351.3
231.75
816.9
46.7
119.35
83.25
46.6
649.65
29.95
439.2
66.9
46.95
84.95
264.95
154.7
700
35.05
290.1
124.85
63.6
34.45
50.25
767.25
59.4
76.1
22.75
262.3
36.8
958.15
357.05
287.65
164.3
418.75
84.75
69.95
721.3
189.6
308
44.15
26.75
344.65
408.8
287.15
25.95
294.05
120.45
106.95
62.05
220.05
585.35
165.65
23.05
127.35
309.45
609
102.8
464.35
287.3
88.7
39.8
135.75
53.25
98.8
2386.8
35
278.35
477.6
21.75
52.55
866.05
183.6
