295.66
294.38
295.91
294.78
292.76
293.15
292.9
296.7
295.46
299.4
292.81
290.94
291.72
293.35
292.9
294.23
290.74
288.82
296.25
293.45
297.24
293.1
298.52
300.63
297.58
299.5
297.24
296.01
299.99
293.99
295.86
294.43
301.67
295.42
297.63
300.19
298.71
296.55
295.51
295.27
289.7
290.74
288.28
286.16
283.01
290.15
285.72
294.33
291.58
289.66
290.3
290.25
295.46
294.28
292.81
294.38
294.92
295.07
298.07
298.27
296.15
297.53
296.25
300.63
295.51
298.71
297.63
294.63
296.7
297.73
291.62
291.18
289.75
285.57
289.06
291.13
287.98
286.16
282.91
289.31
282.86
284.98
290.05
293.94
288.47
295.66
293.35
291.08
296.35
297.04
293.94
295.27
294.14
294.53
297.43
298.12
297.88
295.17
300.19
294.48
299.3
295.46
292.9
290.39
288.92
287.34
282.62
287
286.75
283.5
284.34
286.55
286.21
288.33
291.58
288.82
297.24
289.46
296.15
301.47
296.2
297.93
296.89
298.47
298.22
295.02
298.47
295.51
296.2
296.01
297.38
292.61
299.94
295.32
287.83
287.39
287.93
285.37
285.57
286.85
286.5
289.31
289.56
288.97
288.28
289.75
291.08
289.8
289.06
294.63
293.15
293.45
295.32
296.1
295.86
294.53
291.33
292.81
296.06
294.38
292.12
293.5
296.25
298.57
294.63
297.88
296.45
293.4
289.7
290.44
284.29
288.77
284.29
281.88
285.62
287
285.77
287.78
285.27
290.74
286.06
292.66
294.53
294.48
292.86
294.78
294.97
294.43
293.94
295.37
293.99
294.23
300.73
298.81
293.69
295.27
299.99
296.6
294.43
291.87
294.43
287.83
290.54
290.34
291.97
291.72
285.91
291.33
283.35
286.11
288.97
289.46
290.89
292.22
292.36
295.37
294.68
289.95
295.86
296.5
293.59
290.84
296.65
294.63
295.51
291.72
297.19
293.2
299.06
296.99
294.87
295.46
294.73
287.69
290
282.76
284.73
283.55
286.01
287.69
288.33
292.76
288.92
293.74
291.62
294.82
294.04
292.22
295.32
290.69
291.28
289.51
290.54
290.94
297.38
291.08
